1.764762350000000000e+08
1.759283250000000000e+08
1.747585790000000000e+08
1.749553120000000000e+08
1.768428490000000000e+08
1.770067660000000000e+08
1.752703090000000000e+08
1.758667450000000000e+08
1.764128740000000000e+08
1.772127970000000000e+08
1.755207280000000000e+08
1.761899900000000000e+08
1.753486220000000000e+08
1.762829420000000000e+08
1.766895020000000000e+08
1.759804130000000000e+08
1.749767850000000000e+08
1.757528650000000000e+08
1.772359090000000000e+08
1.763357130000000000e+08
1.761078710000000000e+08
1.762438990000000000e+08
1.761735760000000000e+08
1.752892810000000000e+08
1.756932450000000000e+08
1.766624370000000000e+08
1.758890330000000000e+08
1.756387870000000000e+08
1.748411060000000000e+08
1.760615540000000000e+08
1.746799540000000000e+08
1.768659290000000000e+08
1.770917400000000000e+08
1.789982520000000000e+08
